1 27.9886
2 30.5441
3 15.1587
4 5.51114
5 11.5682
6 9.68904
7 6.4726
8 4.17598
9 8.63151
10 3.5873
11 22.9032
12 5.92636
13 5.7258
14 7.96447
15 7.0078
16 5.84811
17 4.50234
18 5.63578
19 5.07635
20 3.86965
21 1.41084
22 13.3367
23 1.94155
24 3.76373
25 2.81145
26 6.15136
27 2.86509
28 12.382
29 3.36722
30 2.90891
31 2.60439
32 8.13242
33 7.88591
34 4.31936
35 6.34034
36 0.182385
37 1.66774
38 1.92917
39 2.54069
40 1.53432
41 0.696958
42 2.88708
43 8.12738
44 7.28137
45 7.85045
46 3.55357
47 4.4594
48 5.47824
49 4.25425
50 4.66013
51 7.79245
52 11.7797
53 5.28506
54 2.54234
55 3.70462
56 6.50933
57 2.33717
58 2.83357
59 12.1929
60 0.167125
61 4.66018
62 3.04615
63 6.99525
64 3.26188
65 9.51575
66 3.393
67 9.15658
68 4.94535
69 10.3602
70 4.93962
71 1.51301
72 3.38505
73 8.67353
74 9.76557
75 6.53901
76 13.3216
77 4.20003
78 11.0885
79 11.8185
80 2.28971
81 4.27602
82 3.42406
83 3.28173
84 2.25409
85 2.71153
86 5.23355
87 6.42547
88 5.43948
89 1.27534
90 4.51492
91 1.85581
92 3.73588
93 1.63898
94 1.58694
95 0.996156
96 9.00855
97 4.40069
98 5.27796
99 2.82108
100 2.81223
101 4.9852
102 3.29921
103 4.88159
104 3.12188
105 4.90816
106 3.44086
107 3.61046
108 1.92269
109 1.22971
110 1.67914
111 3.10229
112 1.76497
113 3.60256
114 3.39653
115 0.153989
116 5.38396
117 2.54372
118 0.598321
119 1.82585
120 0.705803
121 5.38044
122 5.01327
123 4.83395
124 1.79143
125 5.44032
126 2.10993
127 4.55258
128 1.94231
129 4.58604
130 7.25256
131 5.5793
132 5.35306
133 3.11157
134 5.65702
135 4.75422
136 1.57444
137 2.63285
138 1.31266
139 9.0079
140 8.14965
141 3.71392
142 3.73121
143 1.43074
144 6.37128
145 8.22646
146 4.14155
147 7.44388
148 5.86732
149 8.83269
150 4.46066
151 7.56256
152 7.46653
153 6.45404
154 4.88801
155 0.619842
156 2.37724
157 0.545853
158 1.25402
159 2.45586
160 3.84523
161 0.63233
162 7.16202
163 3.19103
164 2.26742
165 9.7143
166 9.03129
167 3.04922
168 3.58586
169 3.96422
170 2.65564
171 6.09191
172 4.78195
173 4.01582
174 2.4523
175 4.41086
176 5.45396
177 2.5445
178 1.98182
179 1.3149
180 4.18424
181 1.91692
182 3.55508
183 3.65743
184 1.57003
185 4.44403
186 4.82009
187 3.55364
188 3.02203
189 2.19234
190 2.71807
191 5.00883
192 7.53541
193 2.66274
194 2.70188
195 4.46258
196 6.10296
197 2.71072
198 2.51286
199 5.80649
200 2.71287
201 3.8454
202 1.8505
203 5.28088
204 4.66483
205 0.994425
206 6.44923
207 2.88984
208 2.00311
209 2.27996
210 2.13312
211 0.728904
212 1.5431
213 5.77471
214 5.00228
215 8.40931
216 4.15482
217 2.30338
218 4.05076
219 1.54921
220 2.14737
221 8.87902
222 6.20821
223 2.82617
224 2.58967
225 4.6999
226 10.4063
227 5.39864
228 7.39125
229 2.57518
230 2.75547
231 0.266429
232 4.7691
233 3.81401
234 1.15014
235 5.98181
236 15.0192
237 2.04728
238 4.35157
239 4.03025
240 2.35393
241 3.09767
242 2.20948
243 1.64048
244 4.76437
245 3.86446
246 3.23844
247 2.57907
248 1.95996
249 5.87424
250 7.18837
251 4.08933
252 1.48372
253 4.89656
254 0.789133
255 3.59019
256 2.48604
257 4.49706
258 11.5543
259 3.2125
260 3.39305
261 5.93484
262 4.93721
263 3.98242
264 5.36322
265 5.65927
266 4.82544
267 2.78555
268 1.97512
269 4.48845
270 2.22652
271 4.82853
272 6.51898
273 3.91404
274 4.09617
275 2.79143
276 4.33431
277 4.22598
278 7.69468
279 8.87145
280 2.82176
281 3.61067
282 1.15909
283 3.68411
284 4.2203
285 1.80507
286 3.67198
287 6.65813
288 4.83668
289 7.27272
290 5.409
291 5.25287
292 2.7888
293 1.80509
294 2.08056
295 3.45746
296 2.00314
297 7.40237
298 1.73282
299 2.64912
300 2.9027
301 2.314
302 1.90096
303 5.94099
304 6.78051
305 4.06373
306 5.03562
307 3.21491
308 2.37963
309 5.88483
310 3.03442
311 3.42586
312 4.66157
313 1.69608
314 2.97617
315 5.75158
316 5.96007
317 6.33757
318 4.51827
319 6.37217
320 3.27353
321 6.97969
322 3.68484
323 4.65423
324 5.33957
325 2.59253
326 0.569283
327 7.28801
328 5.54904
329 1.94458
330 1.79454
331 3.45063
332 4.92719
333 2.45074
334 5.00868
335 4.86996
336 3.45353
337 1.48599
338 5.94801
339 4.45746
340 1.79495
341 8.16226
342 1.37059
343 1.18736
344 8.51073
345 6.84619
346 8.04694
347 2.55451
348 4.53332
349 8.18916
350 1.82981
351 4.7306
352 5.36609
353 2.5847
354 3.76927
355 7.30985
356 6.63228
357 6.42127
358 5.44551
359 2.74902
360 2.04359
361 2.15583
362 0.734047
363 2.1238
364 7.15955
365 2.69508
366 2.28924
367 2.33161
368 2.91144
369 2.36122
370 2.12338
371 2.40738
372 3.42956
373 1.29402
374 2.75746
375 6.03582
376 7.08275
377 3.82413
378 4.35467
379 8.17932
380 4.43276
381 4.27686
382 12.1813
383 4.73597
384 1.31541
385 1.82378
386 1.01872
387 0.796427
388 4.28557
389 4.89952
390 4.19631
391 4.26248
392 5.20395
393 3.86245
394 6.33244
395 2.03049
396 4.1508
397 2.04511
398 2.05296
399 2.83144
400 9.83397
401 7.45315
402 5.40288
403 10.1246
404 3.73429
405 4.75945
406 0.981674
407 2.68914
408 8.42291
409 6.07825
410 4.9504
411 1.86494
412 4.54669
413 1.67514
414 1.34294
415 4.22025
416 8.14318
417 4.5669
418 3.73879
419 4.87457
420 3.74172
421 4.60827
422 5.05564
423 6.37669
424 6.08461
425 4.7213
426 2.66822
427 6.74478
428 4.0081
429 4.02223
430 0.894066
431 3.9788
432 5.58551
433 2.33849
434 2.94335
435 2.4482
436 4.0312
437 1.62988
438 8.51713
439 3.51658
440 2.31501
441 4.18634
442 2.95719
443 4.9941
444 3.42817
445 2.64758
446 6.46977
447 0.413936
448 3.80148
449 4.704
450 4.77777
451 1.85693
452 4.34542
453 7.0676
454 2.91367
455 2.24523
456 2.98485
457 3.41644
458 3.15059
459 6.81829
460 3.7186
461 2.47268
462 4.83849
463 3.95123
464 4.90429
465 3.30021
466 2.42562
467 2.4846
468 2.60836
469 2.66219
470 6.35329
471 2.66309
472 1.84873
473 4.83797
474 8.9257
475 3.65945
476 9.39528
477 3.88062
478 5.24065
479 3.64834
480 6.51101
481 0.688866
482 4.64911
483 1.92616
484 4.76136
485 0.918688
486 7.27086
487 8.40758
488 3.48023
489 3.64704
490 7.18413
491 9.45178
492 5.91724
493 0.851588
494 2.95681
495 3.54594
496 4.82138
497 7.86684
498 2.18332
499 1.3957
500 2.348
501 4.49864
502 2.73932
503 8.58821
504 2.25017
505 1.69992
506 4.86329
507 4.04568
508 0.910374
509 13.2401
510 6.5144
511 5.19688
512 1.85907
513 2.08955
514 5.88927
515 2.63172
516 1.80766
517 11.0426
518 5.65206
519 2.71557
520 0.778062
521 3.5139
522 4.27343
523 4.17263
524 4.10257
525 2.21132
526 3.4805
527 11.4732
528 3.05673
529 5.58776
530 3.76788
531 0.894877
532 1.33501
533 2.88171
534 2.59017
535 1.55491
536 3.46608
537 3.74191
538 1.02398
539 2.79862
540 9.88618
541 4.38636
542 7.02138
543 7.54291
544 4.22814
545 0.897157
546 4.55534
547 5.00762
548 5.75015
549 6.82637
550 0.497201
551 2.70376
552 1.37949
553 5.84897
554 8.08291
555 4.78807
556 3.23262
557 2.67479
558 2.8863
559 6.0943
560 5.64712
561 2.24237
562 3.28129
563 1.85729
564 3.40717
565 5.71091
566 3.70336
567 7.05442
568 4.17235
569 4.23009
570 1.60557
571 4.88638
572 4.84099
573 2.88006
574 1.75226
575 6.62327
576 6.41466
577 7.22534
578 5.40883
579 3.66797
580 2.93878
581 10.1792
582 4.54537
583 5.72295
584 1.53747
585 3.67012
586 4.02517
587 2.5042
588 6.28787
589 3.00153
590 6.08561
591 5.92432
592 2.00241
593 1.6565
594 4.78277
595 1.7454
596 1.88903
597 6.92434
598 4.04836
599 1.72966
600 0.618993
601 4.2812
602 3.1659
603 3.43771
604 4.36557
605 8.14444
606 0.845017
607 2.07298
608 5.33805
609 3.18566
610 3.32733
611 5.16925
612 3.05622
613 3.28573
614 3.05444
615 6.42149
616 4.91455
617 3.11692
618 2.55689
619 1.15553
620 4.48956
621 4.23017
622 2.72014
623 2.69687
624 4.387
625 1.39601
626 7.53241
627 4.76776
628 3.32915
629 3.13113
630 9.1101
631 3.2559
632 4.3917
633 0.914123
634 3.73016
635 1.30813
636 2.91416
637 3.36321
638 2.24608
639 5.01707
640 4.14319
641 3.0151
642 2.80226
643 7.79223
644 5.41436
645 4.03641
646 7.5808
647 2.66489
648 5.42413
649 1.42013
650 2.6811
651 2.91363
652 2.76476
653 3.3003
654 4.75779
655 4.05235
656 7.39043
657 5.48313
658 3.14542
659 1.56874
660 1.96225
661 2.31012
662 2.50812
663 3.36475
664 6.2746
665 3.14646
666 3.49082
667 5.46353
668 1.27718
669 4.1498
670 11.9131
671 2.76501
672 5.54113
673 2.98001
674 3.84243
675 5.17438
676 3.93956
677 4.13299
678 5.70371
679 8.40835
680 4.91502
681 1.64879
682 7.04266
683 3.81235
684 11.4464
685 3.24743
686 7.07301
687 5.814
688 2.32266
689 4.13752
690 6.52007
691 3.15766
692 2.64367
693 2.06926
694 2.55266
695 8.81432
696 0.749229
697 7.08686
698 1.49013
699 4.78153
700 5.42144
701 4.11456
702 4.15753
703 7.55317
704 1.7506
705 1.86716
706 0.416428
707 0.516526
708 8.75361
709 3.57175
710 5.33049
711 6.16088
712 2.84428
713 3.18335
714 4.98784
715 1.71742
716 2.30991
717 2.76643
718 3.98645
719 1.31724
720 2.20591
721 5.68343
722 6.66999
723 2.79004
724 4.43594
725 2.969
726 2.18796
727 7.35642
728 1.38676
729 1.1413
730 0.949094
731 2.04077
732 4.32708
733 2.00165
734 5.12086
735 4.97192
736 7.27606
737 5.23845
738 4.44299
739 2.21985
740 2.19466
741 4.34303
742 8.28845
743 5.75751
744 3.89284
745 4.45134
746 0.390079
747 3.11044
748 5.27453
749 1.33344
750 4.25452
751 11.2844
752 3.04021
753 9.79302
754 1.78697
755 1.67062
756 2.94361
757 0.94586
758 3.28764
759 2.85841
760 6.25741
761 3.33018
762 3.0264
763 1.90314
764 7.45122
765 7.22721
766 2.73661
767 7.17277
768 3.83084
769 4.51493
770 3.03775
771 3.25971
772 7.19683
773 1.59921
774 6.27116
775 2.24875
776 4.15345
777 0.229969
778 8.84576
779 5.00144
780 2.91395
781 9.27248
782 8.15531
783 7.06529
784 4.90961
785 1.75609
786 0.935773
787 6.69185
788 2.50081
789 3.97574
790 5.26171
791 7.80492
792 4.50222
793 8.80358
794 1.20667
795 1.58516
796 0.820605
797 7.05303
798 8.41501
799 2.60519
800 3.30129
801 4.20101
802 4.86335
803 1.37282
804 4.51041
805 2.32722
806 9.17093
807 2.63047
808 2.96013
809 2.28568
810 2.2504
811 5.9267
812 1.91202
813 6.23798
814 3.28218
815 11.4203
816 1.50894
817 5.72113
818 3.914
819 5.72725
820 7.06156
821 0.728199
822 2.84219
823 4.18623
824 4.99006
825 2.24647
826 5.59693
827 3.17465
828 6.80528
829 3.36886
830 5.8064
831 3.5188
832 1.41732
833 3.33327
834 8.7242
835 11.021
836 7.61978
837 3.9014
838 2.26589
839 3.25878
840 2.37263
841 6.04144
842 1.45129
843 2.8045
844 5.10565
845 3.00612
846 8.17016
847 6.38833
848 5.62307
849 2.00814
850 3.87041
851 3.07953
852 1.94444
853 2.85105
854 5.52199
855 5.43807
856 5.90846
857 3.22071
858 0.864754
859 6.82939
860 5.5284
861 4.69751
862 5.1427
863 0.889116
864 1.18493
865 11.7199
866 6.25652
867 2.43277
868 1.66221
869 7.45001
870 11.2305
871 6.96908
872 5.24021
873 3.29487
874 5.70848
875 5.5814
876 9.5799
877 8.70138
878 6.91277
879 5.18185
880 2.62187
881 5.97168
882 3.20004
883 2.6685
884 4.62101
885 1.31877
886 4.69432
887 1.11653
888 0.781619
889 3.63753
890 2.14795
891 1.70567
892 4.63103
893 3.23072
894 4.55148
895 4.42437
896 3.85833
897 0.87861
898 2.41864
899 2.85081
900 2.35928
901 5.10253
902 5.19445
903 10.4831
904 4.38596
905 7.052
906 6.53086
907 4.38167
908 4.91119
909 4.41794
910 4.79165
911 13.6106
912 5.28133
913 6.28198
914 12.1254
915 4.32023
916 2.9557
917 3.89132
918 5.84242
919 4.76493
920 3.58896
921 7.8208
922 1.4767
923 4.27982
924 5.73814
925 2.22207
926 3.08577
927 3.38295
928 1.48244
929 9.80656
930 6.41653
931 10.0825
932 5.62534
933 3.27793
934 4.46942
935 5.28797
936 3.50365
937 3.9143
938 6.51383
939 4.45029
940 3.70543
941 4.84658
942 9.07088
943 1.81443
944 5.89078
945 4.39804
946 3.01385
947 6.50147
948 3.59038
949 5.95075
950 2.74306
951 6.34689
952 4.06913
953 8.91003
954 6.66524
955 6.59516
956 5.37555
957 7.28992
958 3.73176
959 2.6972
960 1.23986
961 3.95875
962 8.56942
963 0.513056
964 4.52418
965 5.43403
966 6.89083
967 3.46437
968 13.7436
969 4.45547
970 3.57737
971 5.03152
972 2.2186
973 11.114
974 3.34422
975 10.3354
976 5.49794
977 6.52177
978 1.98964
979 6.77488
980 1.76475
981 4.14411
982 4.73032
983 5.97134
984 9.83433
985 6.53336
986 4.78947
987 7.16613
988 13.2855
989 3.73789
990 3.19651
991 7.75277
992 6.7471
993 18.5053
994 15.7491
995 6.92394
996 9.14256
997 8.17406
998 21.979
999 9.81993
